0000000011110000
0010000010000000
0011000010000000
0001000010000000
1000000000001001
1100000011110000
1100000011110000
1100000011110000
1001000000001110
0000000011110000
0000000011110000
0000000011110000
0000000011110000
1000000000000000
1100000011110000
1100000011110000
1100000011110000
1100000011110000
1100000011110000
1100000011110000
1100000011110000
1100000011110000
1100000011110000
1100000011110000
1100000011110000
1100000011110000
1100000011110000
1100000011110000
1100000011110000
1100000011110000
1100000011110000
1100000011110000
1100000011110000
1100000011110000
1100000011110000
1100000011110000
1100000011110000
1100000011110000
1100000011110000
1100000011110000
1100000011110000
1100000011110000
1100000011110000
1100000011110000
1100000011110000
1100000011110000
1100000011110000
1100000011110000
1100000011110000
1100000011110000
1100000011110000
1100000011110000
1100000011110000
1100000011110000
1100000011110000
1100000011110000
1100000011110000
1100000011110000
1100000011110000
1100000011110000
1100000011110000
1100000011110000
1100000011110000
1100000011110000
1100000011110000
1100000011110000
1100000011110000
1100000011110000
1100000011110000
1100000011110000
1100000011110000
1100000011110000
1100000011110000
1100000011110000
1100000011110000
1100000011110000
1100000011110000
1100000011110000
1100000011110000
1100000011110000
1100000011110000
1100000011110000
1100000011110000
1100000011110000
1100000011110000
1100000011110000
1100000011110000
1100000011110000
1100000011110000
1100000011110000
1100000011110000
1100000011110000
1100000011110000
1100000011110000
1100000011110000
1100000011110000
1100000011110000
1100000011110000
1100000011110000
1100000011110000
1100000011110000
1100000011110000
1100000011110000
1100000011110000
1100000011110000
1100000011110000
1100000011110000
1100000011110000
1100000011110000
1100000011110000
1100000011110000
1100000011110000
1100000011110000
1100000011110000
1100000011110000
1100000011110000
1100000011110000
1100000011110000
1100000011110000
1100000011110000
1100000011110000
1100000011110000
1100000011110000
1100000011110000
1100000011110000
1100000011110000
1100000011110000
0000000000000001
0000000000000001
0000000000000001
0000000000000001
0000000000000001
0000000000000001
0000000000000001
0000000000000001
0000000000000001
0000000000000001
0000000000000001
0000000000000001
0000000000000001
0000000000000001
0000000000000001
0000000000000001
0000000000000001
0000000000000001
0000000000000001
0000000000000001
0000000000000001
0000000000000001
0000000000000001
0000000000000001
0000000000000001
0000000000000001
0000000000000001
0000000000000001
0000000000000001
0000000000000001
0000000000000001
0000000000000001
1100000011110000
1100000011110000
1100000011110000
1100000011110000
1100000011110000
1100000011110000
1100000011110000
1100000011110000
1100000011110000
1100000011110000
1100000011110000
1100000011110000
1100000011110000
1100000011110000
1100000011110000
1100000011110000
1100000011110000
1100000011110000
1100000011110000
1100000011110000
1100000011110000
1100000011110000
1100000011110000
1100000011110000
1100000011110000
1100000011110000
1100000011110000
1100000011110000
1100000011110000
1100000011110000
1100000011110000
1100000011110000
1100000011110000
1100000011110000
1100000011110000
1100000011110000
1100000011110000
1100000011110000
1100000011110000
1100000011110000
1100000011110000
1100000011110000
1100000011110000
1100000011110000
1100000011110000
1100000011110000
1100000011110000
1100000011110000
1100000011110000
1100000011110000
1100000011110000
1100000011110000
1100000011110000
1100000011110000
1100000011110000
1100000011110000
1100000011110000
1100000011110000
1100000011110000
1100000011110000
1100000011110000
1100000011110000
1100000011110000
1100000011110000
1100000011110000
1100000011110000
1100000011110000
1100000011110000
1100000011110000
1100000011110000
1100000011110000
1100000011110000
1100000011110000
1100000011110000
1100000011110000
1100000011110000
1100000011110000
1100000011110000
1100000011110000
1100000011110000
1100000011110000
1100000011110000
1100000011110000
1100000011110000
1100000011110000
1100000011110000
1100000011110000
1100000011110000
1100000011110000
1100000011110000
1100000011110000
1100000011110000
1100000011110000
1100000011110000
1100000011110000
1100000011110000
1100000011110000